TYPE_MENAGE_ID;ID_REMAX;PERSONNES_VIVANT_SEULES;COUPLES_AVEC_ENFANTS;COUPLES_SANS_ENFANT
1;26013325;27.1;27.6;45.3
2;19909549;31.5;19.6;48.9
3;14372056;27.0;14.2;58.8
4;14923360;29.9;23.3;46.8
5;14279516;39.4;35.2;25.4
6;22027607;34.2;21.1;44.7
7;26888978;27.4;32.3;40.3
8;22084186;36.2;12.0;51.8
9;14371921;23.7;37.1;39.1
10;12981836;34.0;7.3;58.6
11;19292461;23.8;38.5;37.7
12;13917785;39.4;35.2;25.4
13;17535365;63.0;13.5;23.5
14;21264976;43.5;15.3;41.2
15;14551882;18.4;47.6;34.0
16;19145651;30.3;33.5;36.2
17;22519373;45.6;18.2;36.1
18;12865880;44.5;31.2;24.2
19;9736715;16.7;48.2;35.0
20;28362642;27.6;32.2;40.2
21;17546793;23.3;38.2;38.5
22;15982544;19.0;46.8;34.1
23;10038716;27.8;29.0;43.2
24;11590805;16.8;50.3;33.0
25;13266413;14.3;44.2;41.4
26;20681756;24.2;51.9;24.0
27;14627185;22.2;41.4;36.4
28;13637247;19.1;52.6;28.3
29;21647717;37.7;26.7;35.6
30;13617790;31.5;19.6;48.9
31;14585324;32.0;37.4;30.5
32;11802374;17.1;55.1;27.8
33;27776787;39.4;35.2;25.4
34;26766752;14.4;47.0;38.6
35;13353717;31.8;39.6;28.6
36;18492709;39.4;35.2;25.4
37;16949699;29.1;34.1;36.8
38;20891259;27.3;45.5;27.2
39;18680283;30.7;32.3;37.0
40;27866607;31.4;24.6;44.0
41;21931910;29.9;36.1;34.0
42;23562415;26.1;35.6;38.3
43;28077024;36.1;24.0;40.0
44;15747773;50.7;21.6;27.8
45;25944260;47.1;18.3;34.5
46;26042588;17.0;56.3;26.7
47;20213474;9.6;58.6;31.8
48;28600931;34.2;35.8;30.0
49;26732736;42.9;24.6;32.5
50;23409855;26.4;46.3;27.4
51;12091107;12.2;55.4;32.4
52;17494486;16.3;50.7;33.0
53;19841907;22.4;41.9;35.7
54;15776785;31.6;20.9;47.5
55;25616484;12.1;66.8;21.1
56;13034788;28.9;29.8;41.2
57;25592035;12.1;40.6;47.3
58;12782121;18.5;47.5;34.0
59;12127700;52.3;13.1;34.7
60;23816069;7.0;56.6;36.5
61;19339735;40.3;23.7;36.0
62;13112506;37.4;22.3;40.3
63;27197804;36.9;15.6;47.5
64;12528714;15.0;47.1;37.9
65;28918732;25.3;34.9;39.9
66;15314076;25.5;48.9;25.7
67;16620292;33.5;29.5;37.0
68;25039877;31.0;14.8;54.1
69;13546802;14.2;51.4;34.4
70;16105098;47.5;19.7;32.9
71;28140589;10.3;44.8;44.8
73;17191558;57.8;11.0;31.2
74;20889663;26.8;22.9;50.3
75;23905518;29.0;36.0;35.0
76;17027719;51.6;15.6;32.7
77;22825819;17.8;45.4;36.8
78;22688211;32.4;30.4;37.2
79;27821090;52.9;4.5;42.6
80;27638446;36.2;16.8;47.0
81;24567421;31.3;29.5;39.3
82;20424250;32.1;23.6;44.3
83;28481213;47.8;16.2;36.0
84;25562646;48.6;15.2;36.2
85;9688835;29.2;29.8;41.0
86;19867455;22.0;41.2;36.8
87;14048581;20.9;39.7;39.4
88;20391586;42.3;23.0;34.8
89;20592166;47.2;29.1;23.7
90;21050591;28.4;35.4;36.1
91;10348860;40.0;15.3;44.6
92;23906629;34.6;39.1;26.3
93;22508026;29.4;28.7;41.9
94;20193179;25.4;27.2;47.4
95;12639093;18.4;52.1;29.6
96;13068017;18.7;47.2;34.1
97;21040246;36.7;21.6;41.7
98;9178683;25.3;24.4;50.3
99;28694284;29.0;26.8;44.1
100;14600164;34.8;41.8;23.4
101;22872807;35.3;30.8;34.0
102;21223551;24.6;35.6;39.8
104;15499808;32.0;20.8;47.3
105;15923519;33.3;34.8;31.9
106;10103255;55.5;16.1;28.5
107;12106357;45.4;25.4;29.2
108;23573928;33.0;34.0;33.0
109;16496436;20.2;40.7;39.1
110;18000194;22.9;36.2;40.9
111;19091698;28.0;34.4;37.6
112;11083640;49.2;15.0;35.8
113;24048180;26.7;39.5;33.9
114;23054979;48.1;24.3;27.6
115;17430485;37.8;28.1;34.1
116;24750235;28.6;26.2;45.2
117;24551060;32.4;16.9;50.7
118;27912525;18.2;52.8;29.0
119;17214946;21.0;45.9;33.1
120;18635892;31.8;28.9;39.3
121;13883834;25.7;36.4;37.9
122;15169421;20.5;34.6;44.8
123;14672564;26.4;35.1;38.5
124;22717879;19.1;48.0;33.0
125;24504347;33.6;28.6;37.8
126;28114114;66.0;8.6;25.4
127;14424243;52.8;23.6;23.6
128;25346029;45.3;14.2;40.5
129;18541673;24.4;46.1;29.5
130;13801127;21.8;54.9;23.3
131;27695312;34.2;35.9;30.0
132;15739398;22.4;46.9;30.7
133;19433427;18.8;41.3;39.9
134;21112889;26.3;14.7;58.9
135;14932892;49.9;26.9;23.2
136;20835389;37.2;13.1;49.7
137;18880929;23.2;35.4;41.4
138;19473963;16.1;57.2;26.6
139;23664618;36.0;23.0;41.0
140;24669182;51.9;17.7;30.4
141;12903107;36.9;28.5;34.7
142;13571911;16.5;59.3;24.2
144;13187008;15.6;52.2;32.3
145;28575678;15.5;54.2;30.2
146;20329916;16.5;42.8;40.7
147;17358466;19.8;47.5;32.6
148;14343496;33.7;41.5;24.8
149;13609945;27.6;31.6;40.8
150;23692670;32.4;16.9;50.7
151;25697169;25.7;31.8;42.5
152;20628129;39.5;13.1;47.3
154;10396930;49.9;20.5;29.6
155;25487257;22.4;46.7;30.8
156;23378298;22.6;37.1;40.2
157;16277466;34.1;38.6;27.3
158;19721870;16.7;46.2;37.1
159;25854126;20.1;39.7;40.2
160;11607572;14.1;51.1;34.8
161;26861233;12.3;57.2;30.5
162;19168526;17.9;40.0;42.1
163;13704063;31.8;34.7;33.5
153;28987169;18.7;48.0;33.3
143;10311828;32.0;15.9;52.0
164;13651583;20.0;43.9;36.1
165;22045283;16.3;42.4;41.4
166;20814596;17.4;38.2;44.5
167;28494223;30.3;46.6;23.2
168;18524327;23.3;30.7;46.0
169;10109479;25.0;27.6;47.4
170;22359958;48.4;26.7;24.9
171;27644262;49.2;18.7;32.1
174;27271017;34.6;11.7;53.7
175;23161384;56.9;11.8;31.3
176;13469831;13.5;51.9;34.6
177;15923007;49.6;16.8;33.5
179;18993519;27.5;46.4;26.1
180;11318012;53.5;21.6;24.9
181;22871949;55.3;15.4;29.2
182;22174598;27.7;45.3;26.9
183;17569112;37.7;24.0;38.3
184;10358728;33.6;26.8;39.6
185;25193175;30.6;32.0;37.4
186;26327498;24.3;41.2;34.5
187;18152911;27.8;45.8;26.4
188;25345113;29.9;35.1;35.0
189;13251350;16.5;59.3;24.2
190;16442916;24.5;39.9;35.6
191;13077415;13.4;50.4;36.1
192;21242021;35.2;27.4;37.3
193;26294518;25.7;43.3;31.1
194;27777739;18.3;45.4;36.3
195;10152822;52.0;15.7;32.3
197;13216164;19.4;44.6;35.9
198;25257203;38.5;31.5;30.0
199;16303756;5.0;73.7;21.3
200;19201746;23.7;44.2;32.1
201;20734918;28.8;28.1;43.1
202;9515501;20.6;50.4;29.0
203;21281082;31.4;48.6;20.0
204;9844201;48.1;17.8;34.0
72;15777392;27.9;29.0;43.1
205;15793011;49.2;15.0;35.8
206;11902769;16.9;48.8;34.3
207;27390631;34.2;15.8;50.0
208;25532163;24.3;23.6;52.2
209;16764151;15.5;54.6;29.9
210;9797913;42.6;32.4;25.0
211;20867507;23.5;27.8;48.7
212;20822320;18.8;51.3;30.0
213;17090058;22.2;35.9;41.9
214;21837250;35.1;38.1;26.8
215;28053436;25.2;49.1;25.7
216;26990344;28.1;35.9;36.0
217;9211418;25.8;34.4;39.8
218;11567788;17.0;52.6;30.3
219;16408410;55.9;16.7;27.4
220;15562061;16.4;53.2;30.3
221;17182759;48.4;19.3;32.4
222;26762556;22.6;36.6;40.7
223;16132691;23.9;28.1;48.0
224;10613254;45.8;18.0;36.2
225;15860571;26.2;37.7;36.1
226;15807448;12.8;58.1;29.1
227;26355518;21.9;43.3;34.8
228;12696684;17.7;49.7;32.6
229;24355806;49.9;16.9;33.1
230;22341241;22.7;35.8;41.5
231;14865740;39.6;32.9;27.5
232;19185419;10.1;68.1;21.8
233;27583755;16.5;59.0;24.4
234;20856593;20.0;38.4;41.6
235;23606872;25.5;43.3;31.1
236;25919419;23.4;32.5;44.1
237;17802174;38.5;20.5;41.0
238;28965515;12.4;62.1;25.5
239;9959075;17.8;51.4;30.8
240;9845280;22.0;36.4;41.6
241;10965008;46.9;17.8;35.3
242;27526296;18.9;47.6;33.5
243;9853394;20.2;49.5;30.3
196;15567489;21.1;45.8;33.0
173;22498335;45.7;16.6;37.7
244;18190929;33.3;28.0;38.7
245;14227868;24.4;42.2;33.4
246;13268995;25.0;32.8;42.2
247;17457091;31.6;30.1;38.4
248;18681175;38.7;35.7;25.6
249;12922894;27.8;36.5;35.6
251;27608308;40.5;31.1;28.3
252;13397534;40.5;31.0;28.5
253;28554852;44.1;13.6;42.3
254;25159336;16.5;39.1;44.5
255;23762743;59.4;15.0;25.6
256;13073434;34.4;43.1;22.5
257;20655960;44.5;27.6;27.9
258;19921100;30.0;29.1;40.9
259;17901301;18.0;52.1;29.9
260;15334415;55.8;9.5;34.7
261;27238520;45.0;26.2;28.8
262;19064650;28.7;30.8;40.5
264;22158136;23.7;38.6;37.7
265;18745715;24.9;44.7;30.4
266;26697827;47.7;16.1;36.2
268;21877435;29.6;38.0;32.3
269;17360510;14.6;50.7;34.6
270;19580381;42.5;29.0;28.5
271;20154571;48.5;10.5;41.0
272;21959477;41.9;20.8;37.2
273;11238864;31.3;30.9;37.8
274;20234827;41.2;29.0;29.8
275;14489949;28.9;23.7;47.4
276;24041710;45.4;16.3;38.4
277;28689972;25.0;38.9;36.1
278;13597902;24.9;38.7;36.3
279;11167789;11.8;50.4;37.8
280;11504422;22.2;36.3;41.5
281;14491222;9.1;73.0;17.9
282;13530821;32.0;26.7;41.3
283;27729578;60.3;7.9;31.8
284;27855140;30.0;27.3;42.7
285;18551958;25.0;38.9;36.1
286;13098967;40.5;31.5;28.0
287;24468454;25.0;38.9;36.1
288;12839632;19.4;41.8;38.7
290;19367218;31.4;24.6;44.0
291;10541237;25.0;38.9;36.1
292;21948760;47.6;15.9;36.4
293;21597649;34.9;43.1;21.9
294;24331754;20.2;36.4;43.4
295;25106278;23.2;29.6;47.2
296;15855210;45.1;20.6;34.3
297;18388666;34.3;41.6;24.1
298;15927377;58.9;14.5;26.6
299;25580450;22.3;30.6;47.1
300;17003046;17.7;38.8;43.5
301;28476565;23.1;30.5;46.3
302;11447817;25.0;38.9;36.1
303;20887314;42.6;25.3;32.1
304;11332355;41.6;21.4;37.0
305;16638031;37.2;20.0;42.8
306;18160294;35.6;24.6;39.8
308;16346432;25.0;38.9;36.1
309;17950250;39.2;33.2;27.5
310;22003568;13.3;54.0;32.7
311;23223261;20.5;43.5;36.0
312;11044970;26.0;31.7;42.4
313;19161830;35.6;24.6;39.8
314;24200114;20.0;36.3;43.7
315;15117093;36.5;29.1;34.4
316;23571363;34.2;29.3;36.5
317;17112386;25.0;38.9;36.1
318;14147614;47.1;18.0;34.9
319;25142452;54.0;7.8;38.2
320;26971728;31.9;37.3;30.8
321;9530205;25.1;34.6;40.3
322;14746798;16.8;49.4;33.8
323;27835385;24.7;49.5;25.8
324;23791161;33.6;26.3;40.1
325;15411641;38.9;12.5;48.6
326;12202600;25.0;38.9;36.1
327;28336359;60.1;8.2;31.7
289;16933270;14.1;49.2;36.6
328;28167034;28.8;33.8;37.4
329;19484913;14.1;49.6;36.3
330;18165837;30.0;37.5;32.5
331;25776466;18.0;57.8;24.2
332;13326377;45.0;21.6;33.4
333;17227876;13.1;53.8;33.1
334;20218583;18.2;50.3;31.5
336;20161492;37.7;14.9;47.4
337;20893776;25.0;38.9;36.1
338;22401466;6.7;73.6;19.7
339;16743824;27.3;31.5;41.1
341;11029723;34.4;23.9;41.7
342;25341813;15.8;44.2;40.0
343;13940911;15.3;53.7;31.0
344;25567865;15.7;35.4;48.8
345;20316214;18.4;54.5;27.1
346;20094643;37.0;20.2;42.9
347;11584690;33.3;26.0;40.7
349;11001504;27.6;32.2;40.2
350;23885796;24.6;39.4;36.0
351;21869895;39.6;28.8;31.6
352;17226516;28.0;36.9;35.1
353;12661717;27.9;25.8;46.2
354;14111309;25.8;39.2;35.0
355;28165175;44.0;18.8;37.2
356;10240384;35.5;36.9;27.5
357;19238841;16.6;45.3;38.1
358;22489034;50.1;19.3;30.6
359;28822184;16.7;43.8;39.5
360;11804949;36.6;30.7;32.7
361;18777919;42.0;27.5;30.5
362;21346020;13.0;38.1;48.9
363;14156669;19.3;50.8;29.9
364;23821004;32.0;20.5;47.5
365;26185127;35.7;22.5;41.8
366;27964672;15.9;55.2;28.9
367;18315452;24.6;22.4;53.0
368;28849686;38.5;23.0;38.5
369;24562393;23.0;36.3;40.6
370;14013669;37.0;20.2;42.9
371;19198357;28.1;32.5;39.4
372;17000369;49.7;18.5;31.8
373;24747850;33.3;24.2;42.5
376;22284778;10.2;58.2;31.7
377;22767845;54.5;12.7;32.9
378;12933253;35.5;31.0;33.4
379;11006181;25.7;36.7;37.6
380;27956713;48.9;17.9;33.2
381;18020049;47.6;14.7;37.7
382;22289560;15.7;48.0;36.4
383;20476904;7.0;56.6;36.5
384;10119754;15.3;54.3;30.4
385;18379720;28.6;28.6;42.9
386;16294314;21.9;36.8;41.3
387;26355392;20.6;34.5;44.9
388;17946690;50.3;16.6;33.1
389;13801222;37.9;26.3;35.8
390;20486508;45.4;22.3;32.3
391;25548752;39.9;25.1;35.0
392;25060518;16.5;59.3;24.2
393;22652419;33.7;12.0;54.3
394;27393279;17.7;54.2;28.1
395;19096701;39.4;25.4;35.2
397;28157900;41.5;24.1;34.4
398;10314623;42.2;29.1;28.7
400;26765308;22.7;44.5;32.8
401;23544705;16.0;43.4;40.7
402;14273842;12.6;50.1;37.3
403;16096792;22.0;30.4;47.6
404;19292491;43.8;29.4;26.8
405;17752931;37.0;19.4;43.6
406;21978173;18.0;35.5;46.5
407;25929848;45.6;15.2;39.2
408;16529290;38.0;27.0;35.0
374;16792244;20.9;42.5;36.6
340;28379457;33.3;25.6;41.0
399;11419082;24.6;37.7;37.7
348;27755557;27.3;40.0;32.7
409;12423492;23.0;34.5;42.5
410;24010640;27.6;30.2;42.2
250;19974143;13.3;42.0;44.6
263;26658558;37.5;16.0;46.5
267;14102691;8.4;60.9;30.7
412;23133154;31.3;21.4;47.3
413;11186991;20.3;54.9;24.8
415;16094078;27.1;43.0;30.0
416;24096226;37.9;12.5;49.6
417;13814621;21.8;37.5;40.8
418;9676291;26.3;39.8;33.9
419;13979205;55.6;16.2;28.2
420;10618672;50.5;20.2;29.3
421;25307408;10.8;74.0;15.1
423;13081553;9.7;68.9;21.4
424;24051449;35.1;41.0;23.9
425;21881306;37.3;14.8;48.0
426;23517809;57.3;9.8;32.9
427;23940986;23.0;39.8;37.1
428;12122657;49.5;26.2;24.3
429;21391196;49.2;21.5;29.3
431;18540678;28.9;42.8;28.3
432;17904652;16.5;59.3;24.2
433;26383794;20.0;35.4;44.5
434;15062727;63.9;9.9;26.2
435;21787375;32.4;16.9;50.7
436;27341319;35.8;17.5;46.7
437;28306440;29.0;38.4;32.6
438;13852283;30.4;35.5;34.1
439;15818969;28.5;30.4;41.1
440;14700618;36.1;36.3;27.6
441;11837342;28.9;36.0;35.1
443;14844876;23.5;41.0;35.5
445;24236353;40.2;26.0;33.8
446;10360877;47.4;20.8;31.8
447;22723177;29.2;38.9;31.9
448;17041719;20.4;43.4;36.2
449;9968928;19.9;40.7;39.4
450;18470944;36.6;28.8;34.6
451;10314589;40.9;21.5;37.6
452;22882589;33.2;30.8;36.0
453;20055792;29.2;31.5;39.3
454;13003651;44.2;20.1;35.6
455;25246535;32.0;21.1;46.9
456;13922450;20.3;40.6;39.1
459;16029989;22.2;41.4;36.4
460;27977848;32.2;35.6;32.1
462;11192562;27.7;41.6;30.7
463;24951333;24.5;37.8;37.7
464;16359715;40.5;25.9;33.6
465;9261648;11.0;63.6;25.4
466;18787136;30.2;51.5;18.3
467;14788671;22.2;41.4;36.4
468;27780344;36.8;22.0;41.1
469;26202473;22.6;52.2;25.1
470;14433972;22.5;48.1;29.4
473;27082609;16.1;56.3;27.6
474;21993635;31.1;28.4;40.4
476;10122090;32.9;32.0;35.1
479;28287185;22.6;52.2;25.1
480;20395081;18.8;44.2;37.1
481;20393800;11.9;54.4;33.7
482;19423273;28.7;52.5;18.8
483;25517953;21.9;43.9;34.2
484;19717162;29.4;45.4;25.3
485;24428018;30.2;49.6;20.2
486;14331484;37.5;22.8;39.7
477;24718351;15.2;35.3;49.5
478;12128835;29.6;25.1;45.3
461;15279921;34.8;24.7;40.4
411;17454197;28.7;29.9;41.5
487;20115235;33.4;25.6;41.0
488;27638710;30.2;21.5;48.4
489;18172160;23.6;45.3;31.1
490;27452471;40.1;23.7;36.2
491;28608802;33.2;26.8;40.0
492;24745441;26.1;30.3;43.5
493;14944765;48.8;24.6;26.6
494;23520767;23.7;33.2;43.0
495;14172226;35.2;17.7;47.1
496;9116049;15.1;44.1;40.8
497;10271617;33.9;20.6;45.5
499;22471796;25.0;39.6;35.4
500;23897678;21.1;40.4;38.5
501;12845927;33.7;27.6;38.6
502;14433780;29.6;36.0;34.4
503;15187789;38.8;19.7;41.5
505;17707170;15.9;55.1;29.0
507;16932784;21.5;38.6;39.9
509;17766459;48.7;17.6;33.7
510;10333097;33.4;28.6;38.0
511;25405879;21.3;55.5;23.1
512;24651597;26.4;25.3;48.3
514;14718294;26.8;38.2;35.0
518;25062207;20.7;39.2;40.0
519;22436628;37.9;20.6;41.6
520;11370479;24.6;40.8;34.5
521;24882360;45.3;17.0;37.7
522;22577692;26.8;31.8;41.4
523;23222696;43.9;39.2;16.9
524;25526986;29.6;16.3;54.2
526;23021197;26.2;36.5;37.3
527;10719350;30.1;26.5;43.4
528;17816537;36.1;24.5;39.4
529;21245203;11.9;55.1;33.0
530;20525024;30.5;19.6;49.9
532;17823828;26.7;29.3;44.0
533;26517237;13.4;64.0;22.7
535;23946505;30.5;35.7;33.7
536;18392574;20.4;41.9;37.7
537;9727858;32.7;21.3;46.0
538;9885950;12.6;53.5;33.9
539;15485956;16.3;50.7;32.9
540;20289117;19.2;40.4;40.4
541;20565456;21.9;42.2;35.9
543;26275453;16.3;55.0;28.7
544;27334860;7.6;65.9;26.5
545;23842693;47.3;17.4;35.3
546;25124616;25.4;39.3;35.3
547;11442135;27.9;35.2;36.9
548;18094061;43.6;15.2;41.2
549;23800978;28.3;34.0;37.7
552;16183927;20.0;43.2;36.8
553;20304694;34.8;41.8;23.4
554;19237282;13.6;47.8;38.6
555;12730188;32.4;28.9;38.8
556;16552178;36.1;40.4;23.5
557;11608098;37.2;38.2;24.6
560;23787252;42.1;27.8;30.1
566;19687943;37.7;14.9;47.4
506;21781475;22.0;36.8;41.2
508;27198892;41.8;19.9;38.3
513;25244724;14.8;50.6;34.6
515;26544047;12.6;49.5;37.9
525;9509086;16.4;52.9;30.6
531;17989064;7.8;62.8;29.4
534;14308798;17.6;49.3;33.2
504;21096427;53.8;7.9;38.3
517;21509238;56.0;19.2;24.8
562;20699675;34.7;21.2;44.1
498;14585024;47.3;18.2;34.5
516;11713551;14.9;58.3;26.8
569;10095799;34.2;35.9;30.0
574;19234581;17.1;48.7;34.2
575;14207594;55.6;14.6;29.8
576;14279789;41.6;25.7;32.6
577;12022785;34.2;35.9;30.0
582;28358130;31.5;16.3;52.2
583;12485240;16.2;39.9;43.9
584;16209712;41.9;20.8;37.3
585;11427685;23.7;19.5;56.8
588;11582437;15.9;51.3;32.9
590;11226099;15.0;47.1;37.9
597;25528538;39.9;22.8;37.3
598;14155455;35.0;34.8;30.1
599;14464565;23.6;43.0;33.4
600;15508736;34.5;36.0;29.6
603;12337231;22.4;41.9;35.7
607;23345821;25.3;50.7;24.0
609;25977335;13.9;62.7;23.4
610;23070621;50.6;16.0;33.3
414;10166034;32.9;18.9;48.2
422;22060867;32.3;26.0;41.7
430;26899585;50.6;13.2;36.3
442;28326813;25.4;26.1;48.5
444;28927766;11.7;62.7;25.6
457;19370350;31.2;14.8;54.0
458;21205647;31.2;29.0;39.8
471;16748566;29.8;26.1;44.1
472;28646238;21.7;27.8;50.5
475;16136217;21.0;45.4;33.6
612;20289972;15.7;40.0;44.3
614;22869982;29.1;38.7;32.2
615;11086891;16.8;58.9;24.3
616;25425792;29.4;36.1;34.5
617;17991701;32.0;24.0;44.0
620;28704318;10.9;51.3;37.8
621;22485977;16.6;52.7;30.8
623;18427533;20.1;38.2;41.7
624;18451207;16.2;45.0;38.8
625;28552720;51.8;16.5;31.6
628;23277636;16.5;59.4;24.1
629;24178269;17.8;34.0;48.2
632;11881999;35.6;22.4;42.1
633;13311729;42.7;25.9;31.5
634;16276036;43.9;21.6;34.5
626;28218890;22.8;38.6;38.6
627;15012800;23.1;31.4;45.5
630;15477955;33.2;24.1;42.8
631;22622568;27.2;31.6;41.2
636;25520965;10.5;41.9;47.6
638;19583599;9.5;63.3;27.2
618;12278844;17.1;42.8;40.1
619;28351289;29.2;32.3;38.5
637;20008689;28.1;28.1;43.8
613;15541999;33.7;43.4;22.9
622;24459365;31.5;33.9;34.7
635;17129914;30.4;26.5;43.2
611;22845474;40.7;18.4;40.9
640;10681341;40.2;16.1;43.7
642;17363693;15.1;46.5;38.4
643;26672497;51.6;20.4;28.0
645;21546275;19.6;45.5;34.9
646;21453879;14.1;61.2;24.7
647;26887656;35.8;28.1;36.1
648;22735277;28.8;25.4;45.8
649;10313702;38.3;15.4;46.3
558;23582705;36.0;23.0;41.0
559;19511729;21.9;43.3;34.8
561;11992872;39.4;37.7;22.9
563;18585020;53.1;12.7;34.2
564;27604876;40.0;16.2;43.8
565;25055060;26.9;25.8;47.3
567;11589915;32.4;28.5;39.2
568;28403485;11.5;58.2;30.3
572;14201845;38.9;38.2;22.9
570;28757275;59.7;8.7;31.6
571;24804695;29.7;39.8;30.5
578;9995311;39.2;16.3;44.5
579;27735580;16.8;44.0;39.2
580;19204760;51.3;17.3;31.5
581;9642451;19.6;37.7;42.6
586;19646565;21.7;50.5;27.8
587;23997117;43.6;31.0;25.4
589;27091274;17.7;43.9;38.4
592;24722465;29.2;40.2;30.7
591;21434527;43.9;25.8;30.3
593;28380779;34.7;32.9;32.3
594;17152479;30.4;28.3;41.2
595;14710845;24.0;44.3;31.7
601;11120581;29.6;33.4;37.0
602;17176427;13.8;60.7;25.5
604;18092256;60.2;8.0;31.8
605;23401245;7.4;60.4;32.2
606;17906536;41.1;23.0;35.9
608;25027591;59.4;5.3;35.3
650;11854132;21.3;45.0;33.8
651;17998864;20.4;41.9;37.7
652;17230348;44.7;32.5;22.8
653;10925994;46.0;22.1;31.8
654;24720245;17.1;54.1;28.8
655;25407372;42.8;16.7;40.5
656;17951134;28.9;30.1;41.0
657;11094330;30.4;31.0;38.6
658;28192445;28.7;28.5;42.8
659;18857738;42.2;26.4;31.4
660;20726185;10.1;71.6;18.2
661;24761966;17.9;45.9;36.2
663;24507629;20.9;48.8;30.2
665;12378406;20.4;39.6;40.0
666;22844482;45.1;12.6;42.4
667;20073516;36.8;29.6;33.7
668;18784128;22.2;41.4;36.4
669;9744267;45.9;23.7;30.4
670;20997217;23.2;43.0;33.9
671;21541994;23.0;51.4;25.5
672;20375189;31.5;34.1;34.4
673;26476343;21.8;43.8;34.4
674;13730805;20.5;49.2;30.3
675;28729363;29.7;13.7;56.6
676;17978936;39.4;28.7;31.9
677;15231684;21.9;36.4;41.7
678;21490155;19.1;51.3;29.6
679;14188779;34.3;26.1;39.5
680;15692634;26.6;34.9;38.6
681;27620764;56.5;11.7;31.7
682;15158108;54.6;14.2;31.2
683;10682009;54.1;20.4;25.5
684;23727190;17.9;38.0;44.1
686;9974821;16.6;53.8;29.6
687;15998027;30.0;26.9;43.2
688;9756375;29.6;30.6;39.9
573;23849157;23.0;43.7;33.2
685;28353804;40.7;23.1;36.2
596;25201502;43.5;26.3;30.2
664;25580572;14.5;54.1;31.4
662;26546957;28.2;40.2;31.6
644;20462289;29.3;29.4;41.3
689;9392582;25.7;33.8;40.5
690;28019175;31.1;42.2;26.7
691;20642934;66.0;8.6;25.4
692;12479474;41.0;19.7;39.3
693;24355006;23.0;43.8;33.1
694;20787824;22.2;41.4;36.4
696;18087872;25.4;38.5;36.1
697;19602290;39.3;21.7;39.0
698;16868952;25.0;27.1;47.9
699;13405335;31.9;39.0;29.0
701;11617006;44.7;32.5;22.8
702;22113973;47.5;17.5;35.0
703;24803870;44.7;32.5;22.8
704;26485489;56.2;14.8;29.0
705;9741553;41.9;25.5;32.6
706;14110898;9.4;54.9;35.8
707;23612942;20.0;43.0;37.1
708;9179876;29.5;26.9;43.5
710;18614386;22.8;36.0;41.2
711;26024060;24.3;41.7;34.0
712;21931455;26.9;38.2;34.9
713;25938815;24.6;40.8;34.6
715;27431892;33.6;26.6;39.8
716;24995077;26.5;34.8;38.6
717;17487728;48.9;18.1;33.0
718;20667591;28.9;26.0;45.1
719;23394329;45.6;21.9;32.5
720;18865436;35.5;30.3;34.2
721;13993169;33.1;35.2;31.7
722;24168180;39.8;23.7;36.5
723;27391015;37.4;12.5;50.1
724;24642160;29.9;37.8;32.3
725;14879082;36.4;26.5;37.1
726;23317738;14.9;54.8;30.3
727;23026517;46.1;24.3;29.7
728;28169895;35.2;36.4;28.4
729;16171645;55.8;14.7;29.5
731;20067232;34.0;32.1;33.9
732;12290093;36.0;20.0;44.0
733;13625943;37.7;27.1;35.2
735;24009715;20.0;37.9;42.1
737;17543958;37.4;12.5;50.1
738;28807721;33.6;39.9;26.5
739;10974904;24.1;36.5;39.4
740;19092028;9.8;50.6;39.6
741;16478810;42.6;22.8;34.6
742;26385974;27.2;37.5;35.3
743;27643530;35.3;18.5;46.2
744;13320804;43.3;21.6;35.1
746;24726976;28.3;34.0;37.7
747;9183410;30.1;51.2;18.7
748;14678811;26.2;36.4;37.5
749;9219272;52.4;14.7;32.8
750;14676119;12.8;58.8;28.4
751;13372544;19.5;43.2;37.2
753;27048141;44.3;21.0;34.7
755;22794767;17.1;30.7;52.2
756;12295534;34.8;20.1;45.1
758;12891545;30.8;21.5;47.7
760;15832622;25.7;36.7;37.6
761;28919261;22.7;38.4;39.0
762;9268072;20.7;50.7;28.6
764;18202994;23.2;38.7;38.1
765;9253354;33.5;28.1;38.4
766;25365483;52.5;18.8;28.8
767;27539279;36.4;23.9;39.8
769;11990619;18.8;33.6;47.6
734;12712795;39.8;15.6;44.6
752;11571583;29.6;37.2;33.2
695;18040925;15.7;53.6;30.7
709;9599355;20.3;36.2;43.4
700;22181645;15.6;53.8;30.6
714;13446715;29.2;28.3;42.5
770;13517347;26.3;41.6;32.1
771;22176701;9.6;45.0;45.4
772;9451873;18.9;44.4;36.7
773;16727307;45.0;23.4;31.6
774;9564775;41.9;23.4;34.7
775;27690975;17.6;54.9;27.5
779;27021667;15.6;54.3;30.1
550;25662332;21.5;49.7;28.7
551;17228795;48.5;28.3;23.2
780;22812124;31.0;30.8;38.2
781;26040077;25.2;44.0;30.8
782;23885932;42.0;10.9;47.1
783;28529843;31.9;31.9;36.2
784;22983006;35.7;15.9;48.4
785;28041769;15.2;57.5;27.3
787;24589683;34.6;39.1;26.3
788;15775605;53.9;16.5;29.6
789;13034191;18.7;46.2;35.2
790;10447246;19.9;44.1;35.9
791;28768549;13.3;56.0;30.8
792;13847238;27.3;34.7;38.1
793;9364121;23.9;47.0;29.1
794;15343561;19.3;51.5;29.1
795;21272033;23.5;37.3;39.2
796;24724447;22.7;34.2;43.0
797;14208766;36.3;34.2;29.5
798;24769107;42.5;23.1;34.4
799;17030703;12.9;58.7;28.5
800;26474429;37.3;14.8;48.0
801;9491744;11.2;63.7;25.2
802;15704029;41.5;15.0;43.6
803;12419342;41.7;19.6;38.7
804;28623362;24.2;35.6;40.2
805;15747271;42.4;29.0;28.7
806;28360457;38.1;29.2;32.7
807;28878722;14.0;52.2;33.9
808;18949728;42.1;27.8;30.1
809;13368078;10.5;51.4;38.1
810;17626441;49.5;19.0;31.6
811;15381666;32.8;30.5;36.8
812;22373917;38.5;29.8;31.7
813;19589606;35.0;34.8;30.1
814;27484526;25.9;30.3;43.8
816;25250000;28.5;36.1;35.4
817;17965001;30.7;33.3;36.0
818;27743484;42.5;23.1;34.4
819;14696508;51.5;11.3;37.3
820;17703379;16.5;48.3;35.3
821;10806267;27.5;44.5;28.0
822;9699787;12.9;51.1;36.0
823;20477657;45.8;17.8;36.4
824;16213779;20.0;36.9;43.1
825;27889857;24.6;48.6;26.8
826;16575767;15.9;46.1;38.0
827;22212286;42.5;23.1;34.4
828;19612871;15.3;46.5;38.2
829;26015713;6.3;64.4;29.3
830;22731959;27.2;36.5;36.3
831;15894687;42.5;23.1;34.4
832;28781767;26.8;38.6;34.6
833;21242672;15.9;47.6;36.6
834;12537675;53.4;16.4;30.2
835;22957222;24.8;39.0;36.2
836;14942749;47.2;26.1;26.7
837;17326193;33.6;25.5;41.0
839;19645137;26.8;32.5;40.7
840;15577878;31.9;22.0;46.1
841;18458854;42.7;32.1;25.2
842;19009957;33.5;29.8;36.7
843;17506700;50.7;17.1;32.2
844;10494251;16.5;59.3;24.2
846;21804999;17.3;49.9;32.8
847;22941904;14.9;48.4;36.7
786;18406939;25.1;50.0;24.9
778;23657750;48.2;15.7;36.1
845;21833286;34.2;25.7;40.1
815;19000686;46.7;18.1;35.2
542;11978077;39.1;21.4;39.5
838;9173234;26.5;35.0;38.5
848;20201380;32.1;23.6;44.3
849;17651615;30.4;33.9;35.7
850;19154103;25.5;25.6;48.9
851;11891110;57.7;10.0;32.3
852;26782349;29.8;26.1;44.1
853;19812664;45.6;25.5;28.9
854;18937785;23.7;35.2;41.1
855;11115824;23.1;45.4;31.5
856;25420056;26.5;28.1;45.5
858;20131502;21.5;44.7;33.8
859;20007471;29.1;27.8;43.1
860;19213882;18.1;42.8;39.2
861;14671999;12.5;60.1;27.3
862;26002221;48.6;15.2;36.2
863;16066772;27.9;41.5;30.6
864;25681827;36.1;38.8;25.1
865;16607704;34.1;18.5;47.5
866;19432973;7.4;68.8;23.8
867;17944247;24.3;34.0;41.7
868;12114961;8.8;47.4;43.8
869;19324941;32.4;31.5;36.1
870;26485944;36.2;19.3;44.5
871;20618389;22.8;35.8;41.4
872;17744161;27.7;28.1;44.2
873;20231175;19.0;38.2;42.8
874;25707824;14.1;43.1;42.8
875;11927562;12.8;54.3;32.9
877;21578378;28.0;34.7;37.4
878;14071056;14.2;38.0;47.9
879;22139030;19.5;37.3;43.2
880;26250199;20.1;42.0;38.0
881;14274718;32.1;38.9;29.0
882;25786179;25.7;41.6;32.7
883;11689721;44.3;23.9;31.8
884;9016258;33.2;27.6;39.2
885;12211319;29.1;31.4;39.6
886;9150660;28.4;28.9;42.7
887;9461441;29.1;26.0;44.9
889;25248469;28.3;37.8;33.8
890;22950283;22.6;52.2;25.1
891;11838562;48.6;11.3;40.1
892;15096248;33.9;28.0;38.1
893;21148701;38.9;28.3;32.8
894;14833539;25.3;44.0;30.6
895;18703611;28.3;34.3;37.4
896;26475262;26.6;37.6;35.8
898;18390773;13.2;60.2;26.6
899;14685205;43.0;18.3;38.7
900;17508862;59.6;13.8;26.6
901;25031041;40.6;23.3;36.1
730;27826983;41.0;20.0;38.9
736;16474598;41.1;16.3;42.7
745;17926945;18.4;32.0;49.5
754;20074081;35.8;29.4;34.8
757;10795519;23.1;38.6;38.3
759;27546491;24.0;41.2;34.8
763;16090768;49.1;15.8;35.1
768;13607075;44.4;18.9;36.8
776;15272595;28.9;30.1;40.9
777;25943671;28.0;25.5;46.5
902;18848671;23.6;43.5;32.9
904;18909732;27.1;42.2;30.7
905;26243098;27.7;29.1;43.1
906;24307710;12.0;62.8;25.2
907;9363587;33.4;28.4;38.2
908;19609510;25.9;33.0;41.1
909;21285706;23.6;46.3;30.1
910;15551330;17.0;49.5;33.4
911;27830970;39.5;18.2;42.4
912;26588295;30.5;23.8;45.7
913;28376483;10.3;58.2;31.5
914;11653671;38.1;20.5;41.4
915;25847581;39.2;21.7;39.1
916;23863670;34.0;14.9;51.1
917;19285180;59.3;12.5;28.2
918;19780406;21.9;41.3;36.8
888;26883401;36.8;22.3;40.9
903;23507943;27.8;32.7;39.5
919;12999256;8.6;55.6;35.8
921;10347579;23.1;43.8;33.1
922;25410468;21.5;54.3;24.2
923;11444486;39.3;22.2;38.4
924;12923757;29.9;33.7;36.4
925;24997079;15.1;47.9;37.0
926;23843014;23.5;34.3;42.2
927;14616305;24.1;32.6;43.3
928;21519847;31.1;16.4;52.6
929;15092818;60.0;11.6;28.5
930;12110221;33.2;17.4;49.4
931;25032008;41.3;22.0;36.7
932;9827104;28.4;35.0;36.6
933;26817836;16.4;54.2;29.4
934;19597213;11.2;53.5;35.4
935;22766306;11.3;52.5;36.2
936;14697690;39.5;21.7;38.8
937;27601764;27.6;32.1;40.3
938;9235661;33.1;40.2;26.7
939;26928859;34.0;27.3;38.7
940;24096558;21.5;54.3;24.2
942;21434752;19.6;44.3;36.2
943;20346238;29.4;39.6;31.0
944;19147758;20.0;41.6;38.4
945;12619789;25.0;34.4;40.6
946;12269929;27.5;34.9;37.6
947;22070914;24.0;37.6;38.5
949;25753822;32.1;38.9;29.0
951;27466997;10.6;61.6;27.8
953;22048649;20.0;47.1;32.9
954;10424388;35.3;26.5;38.2
955;10693825;32.1;22.5;45.5
956;13462190;25.0;34.4;40.6
957;22524083;21.5;54.3;24.2
958;14974851;58.4;9.2;32.4
959;28311364;7.7;60.8;31.6
960;11365441;37.5;32.5;30.1
961;14592560;26.9;27.5;45.6
962;28781144;39.4;22.8;37.8
963;10677334;20.6;43.5;35.9
964;15913862;43.3;28.9;27.8
965;18157026;17.8;42.3;39.8
966;19432799;14.9;54.8;30.3
967;13640105;28.4;35.0;36.6
968;12028744;21.5;54.3;24.2
969;20147788;51.1;22.6;26.3
970;9659666;24.9;38.4;36.7
971;12314808;32.8;20.3;46.9
972;25586703;13.6;46.2;40.2
973;17557250;33.5;28.7;37.8
974;21044299;30.9;46.7;22.5
975;25199503;29.2;22.0;48.8
976;23933180;17.0;54.1;28.9
977;9735814;37.5;18.6;43.9
978;18481545;41.3;26.7;32.0
980;23428083;64.9;9.0;26.1
981;18284033;39.3;19.5;41.2
982;16285665;17.1;46.3;36.6
983;17722771;29.0;40.4;30.7
984;26377904;13.7;51.1;35.2
985;18831804;29.1;43.4;27.5
987;9352363;23.5;34.3;42.2
988;16382686;23.7;44.2;32.1
989;20897433;13.1;41.7;45.2
990;26241719;15.2;51.4;33.4
991;18228031;40.6;36.9;22.6
992;15928153;23.5;48.0;28.5
993;14785995;24.2;28.6;47.2
994;27554440;29.2;42.1;28.8
995;14836942;27.3;36.9;35.8
996;23727943;20.0;40.1;39.9
997;10727821;22.0;48.1;29.9
998;24170334;13.2;57.6;29.2
999;21835128;28.0;28.4;43.6
920;25788200;18.1;46.7;35.2
979;24665837;19.2;37.6;43.1
950;15424189;26.5;23.0;50.6
948;16848340;33.3;22.7;44.0
1000;17730747;17.0;54.1;28.9
1001;27342615;15.2;51.4;33.4
1002;16976692;17.0;50.2;32.7
1003;24238153;20.5;49.2;30.3
1004;12136441;32.2;27.2;40.6
1005;27451617;40.9;34.1;25.0
1007;20071167;26.6;39.9;33.5
1008;14603920;16.6;43.4;40.0
1009;22222877;27.7;29.3;43.0
1010;28856300;33.8;25.4;40.8
1011;17686356;42.1;23.8;34.1
1012;21841815;17.0;54.1;28.9
1013;28807660;23.5;33.4;43.1
1014;28061552;55.6;13.5;30.9
1015;14493313;41.5;24.1;34.4
1017;24884644;35.6;31.6;32.9
1018;9455472;42.4;27.6;29.9
1019;13907508;11.9;52.3;35.8
1020;11028553;23.8;35.1;41.1
1021;27578437;51.1;20.4;28.5
1022;17272550;47.9;13.7;38.4
1023;23087107;32.9;26.8;40.3
1024;11954258;46.5;19.7;33.9
1025;18253555;22.4;36.7;40.9
1026;11100225;23.8;41.9;34.3
1027;17683046;29.1;32.4;38.5
1028;13372199;23.7;46.2;30.1
1029;26450175;40.8;27.2;32.1
1030;13176997;23.3;39.3;37.5
1032;20499274;20.0;49.1;31.0
1033;25022222;14.8;41.9;43.3
1034;16934257;21.9;46.2;31.9
1035;23025835;16.2;51.9;31.9
857;24246890;21.7;41.5;36.8
876;27307805;27.8;23.4;48.8
897;25431913;15.1;59.2;25.7
1037;25151868;45.1;20.6;34.3
1038;14523230;38.2;12.8;49.0
1041;23742445;20.0;48.7;31.3
1042;21594944;21.9;39.2;39.0
1043;22054108;29.7;43.3;26.9
1044;20549813;42.6;26.4;31.0
1049;23594617;26.1;34.5;39.4
1050;28297790;39.0;31.7;29.3
1051;13895619;40.3;21.5;38.2
1052;24714222;35.6;24.6;39.8
1053;22507214;7.3;56.4;36.2
1054;18212623;22.3;44.5;33.2
1055;21029472;27.1;29.2;43.7
1056;22800760;28.2;33.3;38.5
1057;15151427;52.4;11.6;36.1
1058;27683203;23.9;28.1;48.0
1059;26190757;30.2;44.7;25.1
1060;21057387;7.0;59.9;33.1
1061;12627946;5.3;70.9;23.8
1062;19377033;49.2;18.7;32.1
1063;17925950;10.5;53.3;36.2
1064;21813247;40.8;25.6;33.6
1065;17505080;49.7;17.3;33.0
1066;20575884;19.2;44.0;36.8
1067;21385968;6.7;65.4;27.9
1069;25282358;26.5;43.2;30.3
1070;23778640;48.1;10.0;41.9
1071;18852515;25.2;46.9;27.9
1072;16240202;44.3;22.0;33.7
1073;18023341;38.9;19.6;41.5
1074;17855023;26.2;43.1;30.7
1075;10881890;67.1;10.4;22.5
1076;24360117;43.3;10.7;46.0
1077;15162529;20.3;43.0;36.7
1047;24654583;23.8;41.9;34.3
1039;23010650;14.6;50.3;35.1
1040;24949754;28.9;28.5;42.7
1006;13390216;32.6;33.7;33.7
1045;16669936;27.8;26.5;45.7
1016;26782663;39.5;23.8;36.7
1036;24730125;27.5;36.8;35.7
1046;17384582;31.2;28.9;39.9
1078;27494244;31.0;20.2;48.8
1079;20744955;29.3;32.3;38.4
1080;14664981;32.9;29.8;37.4
1081;15735867;35.5;15.6;48.9
1082;12955785;30.0;40.0;30.0
1083;19757281;38.9;21.1;40.0
1084;19774205;67.1;10.4;22.5
1085;23482422;40.3;10.2;49.5
1087;21325201;25.7;39.7;34.6
1088;20778859;16.4;54.3;29.3
1089;26438347;24.2;47.3;28.5
1090;9687631;13.7;40.6;45.7
1091;26766791;24.8;28.8;46.4
1092;20472795;17.1;41.5;41.4
1093;20151894;37.0;34.7;28.3
1094;22846645;35.0;39.0;26.0
1096;15317635;30.1;45.3;24.5
1097;15007503;57.5;8.8;33.7
1098;14293942;31.0;38.1;30.9
1099;11551325;38.7;28.9;32.4
1100;28910422;31.7;38.7;29.6
1101;19262676;37.9;17.9;44.2
1103;27380946;39.4;30.3;30.3
1104;26618085;24.6;38.9;36.5
1105;22020652;40.5;36.1;23.4
1106;11990344;25.0;29.4;45.6
1107;11569980;15.0;54.6;30.4
1108;21705541;50.9;26.0;23.2
1109;20215077;24.3;43.3;32.3
1110;20381733;20.3;47.7;32.1
1111;15017847;35.0;21.6;43.4
1112;25637269;17.3;58.4;24.3
1114;23816446;11.8;53.1;35.1
1115;12920912;28.0;35.9;36.1
1116;17007779;15.3;43.7;41.0
1117;23807816;29.6;32.3;38.2
1118;17375279;39.0;24.5;36.5
1119;11867165;29.3;42.6;28.2
1120;20402847;27.9;25.0;47.1
1121;27708815;30.3;41.3;28.3
1122;15865049;16.5;47.0;36.5
1123;26582456;64.4;8.9;26.6
1124;22667511;17.6;44.2;38.2
1125;15518403;32.8;22.0;45.2
1126;25170225;29.5;27.3;43.3
1127;16547661;25.5;35.4;39.1
1128;17603007;57.6;16.4;26.1
1129;22414434;29.6;37.3;33.1
1130;25989433;43.9;16.5;39.6
1131;13672552;15.4;55.6;29.1
1133;22545383;27.2;31.1;41.7
1134;13916950;31.8;30.6;37.6
1135;18213590;51.2;18.3;30.4
1137;10377688;58.0;15.3;26.7
1139;9435463;22.9;44.2;32.9
1140;21468557;36.7;27.5;35.8
1141;18702800;27.3;38.3;34.4
1143;13079319;33.6;26.3;40.1
1144;18396620;32.0;38.1;29.9
1145;12422632;10.3;65.6;24.2
1146;16600362;15.3;48.0;36.7
1147;11073407;8.8;69.0;22.2
1148;16572971;11.7;56.0;32.3
1149;27173957;24.6;39.5;35.9
1150;9871434;22.3;39.6;38.1
1151;17834572;37.8;32.7;29.5
1152;12138085;36.2;12.0;51.8
1153;14988345;19.8;44.8;35.4
1154;12333410;22.5;46.0;31.5
1155;15061819;16.5;59.1;24.4
1156;26611958;38.3;35.7;26.0
1157;16513563;29.6;24.5;45.9
1158;15023111;40.2;25.0;34.8
1086;13301272;49.3;19.3;31.4
1113;17216914;39.1;10.1;50.7
1132;20849794;26.4;35.0;38.6
1102;10483694;26.9;25.8;47.3
1136;23186084;41.9;16.7;41.4
1142;26990294;31.5;27.2;41.3
1159;26346609;48.3;28.1;23.7
1160;12414039;15.1;53.3;31.6
1161;9972596;17.8;45.8;36.3
1162;20982445;20.8;48.4;30.8
1166;18850796;45.6;14.4;40.0
1167;19995973;30.4;33.2;36.4
1168;22096297;37.5;36.7;25.8
1170;20994237;22.3;46.4;31.2
1171;14576544;57.8;11.2;31.0
1172;26546539;48.7;23.9;27.3
1173;26337903;44.2;20.0;35.8
1174;14296613;18.0;51.4;30.7
1175;11807691;34.0;7.3;58.6
1031;9908455;43.8;31.0;25.2
1180;24582143;14.9;54.8;30.3
1181;14413265;20.4;40.5;39.1
1188;18815884;13.8;54.2;32.0
1192;23281657;30.4;43.9;25.8
1193;26727692;43.8;12.0;44.1
1196;20394013;22.0;49.3;28.7
1198;11348355;26.1;31.4;42.5
1208;28720628;4.3;69.0;26.7
1210;25255117;26.2;31.4;42.4
1211;11922680;23.3;43.0;33.7
1212;22037790;49.1;15.3;35.7
1216;22720271;55.0;12.2;32.8
1217;12802206;25.0;35.3;39.7
1218;15327415;17.5;43.2;39.4
1219;27182079;21.9;53.8;24.3
1221;21235744;39.9;19.0;41.1
1226;19856580;44.9;20.7;34.4
1231;23020079;28.3;34.0;37.7
1236;16595717;12.6;56.1;31.3
1178;16085616;17.3;58.4;24.3
1225;19082697;32.6;13.9;53.4
1183;25180172;24.7;32.3;43.0
1201;19279646;36.1;22.9;40.9
1164;9127673;22.1;45.2;32.7
1237;24674177;15.7;39.6;44.7
1165;13206970;29.6;25.3;45.1
1176;23707881;24.4;38.6;37.0
1163;28776408;29.5;28.8;41.6
1169;21354300;55.4;15.2;29.4
1207;9204812;35.8;24.5;39.7
1182;12931657;37.4;19.6;43.0
1239;20660929;30.5;27.0;42.5
1240;26799462;28.6;26.5;44.9
1048;15408635;52.1;15.6;32.2
1068;17192113;17.9;51.7;30.4
1095;13843258;37.7;24.1;38.2
1242;11143594;19.9;38.6;41.6
1243;11738288;57.4;11.6;31.0
1244;27197338;32.0;29.1;38.8
1245;22100566;20.4;34.4;45.2
1246;24574842;41.8;22.6;35.6
1247;28402495;13.7;48.2;38.2
1248;13254490;16.5;59.3;24.2
1249;14766972;31.9;40.2;27.9
1250;18394886;17.3;58.4;24.3
1251;28554028;52.6;19.7;27.6
1253;26784429;7.2;56.7;36.0
1254;25578938;13.4;50.1;36.5
1255;15174488;15.0;48.0;37.0
1256;21934734;20.3;54.9;24.7
1257;9936726;7.1;69.7;23.2
1258;10629991;41.8;22.6;35.6
1259;16334399;20.2;49.5;30.3
1260;9879120;40.6;23.6;35.8
1261;28018553;32.1;42.4;25.5
1262;22136194;51.2;13.8;35.1
1263;25009194;20.1;46.4;33.6
1264;14263424;17.4;57.1;25.6
1265;22182924;14.1;55.5;30.4
1266;23826954;35.8;22.5;41.7
1268;18029943;49.2;18.7;32.1
1269;22605230;13.6;54.2;32.3
1270;19900885;23.4;39.4;37.2
1271;9978084;57.7;8.7;33.6
1179;27332390;28.7;31.9;39.4
1184;12578610;36.5;26.5;37.0
1185;19810876;15.8;56.2;28.0
1186;19646009;26.2;39.9;33.9
1187;24089085;48.9;27.3;23.8
1189;13078866;16.5;59.3;24.2
1190;13094239;14.2;59.8;26.0
1191;17718039;42.7;17.5;39.9
1194;25124185;20.4;43.6;36.1
1195;11059855;24.4;43.2;32.4
1197;16795691;29.0;35.4;35.6
1200;12665463;49.5;18.7;31.8
1202;26459562;31.0;26.1;42.9
1203;12286082;33.9;28.5;37.6
1204;24431310;49.5;19.5;31.0
1205;12355207;49.5;19.5;31.0
1206;28599563;21.5;47.3;31.2
1209;22619281;41.8;23.1;35.0
1213;17851712;43.3;17.8;38.8
1215;25065900;49.2;18.7;32.1
1220;10694080;50.1;18.9;31.1
1222;9033965;18.1;52.0;29.9
1223;17276513;24.3;35.1;40.6
1224;20444625;21.5;35.7;42.8
1227;24229275;17.8;46.9;35.3
1230;27757896;46.1;21.9;32.0
1232;24121728;49.1;20.3;30.6
1233;26863338;35.5;34.9;29.6
1235;23870619;13.4;57.4;29.2
1238;21607600;37.8;38.8;23.4
1241;12553792;41.5;22.1;36.4
1272;15179494;60.7;8.4;30.9
1273;15051751;38.3;20.4;41.3
1274;16816516;37.7;31.0;31.3
1275;10024222;9.7;56.0;34.3
1276;17680906;8.0;62.2;29.9
1278;15727584;22.6;52.2;25.1
1279;23444330;36.4;33.8;29.7
1177;28912057;16.2;42.8;41.1
1277;20827312;41.2;21.4;37.4
1267;10072827;15.0;49.7;35.2
1228;17457761;20.8;30.3;48.9
1234;9744225;27.6;28.6;43.8
1229;18386804;35.9;22.9;41.2
1281;21242705;30.2;51.5;18.3
1282;20600620;30.1;49.9;20.0
1283;22656832;33.5;23.8;42.7
1284;27712447;24.0;30.8;45.2
1285;13362391;15.8;53.0;31.2
1286;23202428;13.8;48.2;38.0
1287;22954561;35.6;24.2;40.3
1289;16593629;25.4;38.4;36.2
1290;20817311;33.7;36.1;30.2
1291;15340873;24.6;33.8;41.6
1292;11324170;18.0;35.5;46.5
1294;11364741;19.1;42.0;38.9
1295;25648815;18.3;42.9;38.8
1296;26407355;43.6;28.5;28.0
1297;12138258;40.0;32.0;28.0
1298;25780772;21.4;46.0;32.6
1299;25357996;24.4;39.7;35.9
1300;11560320;14.4;37.7;48.0
1301;27390608;49.2;18.7;32.1
1303;27022121;26.2;46.3;27.6
1304;27789085;18.2;40.9;40.9
1305;23812445;31.8;38.0;30.3
1306;12069263;46.8;25.3;27.9
1307;28099862;23.9;47.1;29.0
1308;19245087;50.3;16.2;33.5
1309;14573026;34.7;17.5;47.8
1310;21777904;15.5;53.0;31.6
1311;22709988;37.9;17.7;44.3
1312;24606152;36.7;13.7;49.6
1313;28893690;41.3;29.0;29.8
1314;12014834;32.9;41.6;25.5
1315;13218060;28.5;34.7;36.8
1316;16447807;60.6;9.8;29.5
1317;19467489;21.8;42.1;36.1
1319;23703975;43.3;23.9;32.7
1320;16525612;40.5;21.9;37.6
1321;17476315;13.4;58.2;28.5
1322;12260842;46.7;23.8;29.6
1324;23631295;39.5;18.2;42.4
1325;15119422;45.3;22.3;32.4
1326;9999174;31.4;29.4;39.2
1327;22681605;44.5;18.6;36.9
1328;12341212;37.9;33.3;28.8
1329;20926687;41.7;29.9;28.4
1330;17985651;20.7;43.5;35.8
1331;24770202;35.1;34.6;30.3
1332;27273544;18.6;43.2;38.2
1333;28756956;49.5;22.4;28.1
1334;22135741;19.2;48.5;32.3
1337;15778054;14.9;56.1;29.0
1338;18458351;41.5;25.6;32.9
1339;21704375;18.9;47.6;33.5
1340;19204824;46.8;25.3;27.9
1341;10456673;7.4;68.8;23.8
1342;23853291;26.7;28.3;45.0
1344;9898131;34.3;34.8;31.0
1345;14529748;7.5;65.9;26.6
1346;21665987;36.5;17.8;45.7
1347;11993638;30.9;33.2;35.9
1348;12980311;21.7;40.3;38.0
1349;24298599;25.2;46.9;27.9
1350;27422781;18.2;40.2;41.6
1352;27016765;24.7;41.5;33.8
1353;19298439;28.6;42.8;28.6
1354;24280529;19.2;46.5;34.2
1355;10343097;23.8;42.9;33.3
1356;9832383;58.6;11.9;29.5
1358;23838661;25.2;42.5;32.3
1359;27871495;29.7;42.7;27.6
1360;28867351;31.7;18.0;50.3
1293;25226279;50.1;18.9;31.0
1280;28914347;27.0;28.4;44.6
1323;9233241;22.3;30.4;47.3
1343;15302377;35.3;18.5;46.2
1351;19725363;16.4;53.2;30.3
1288;13904075;16.1;46.6;37.3
1318;28455289;27.4;40.7;31.9
1361;10414638;41.2;23.5;35.3
1362;22061792;26.2;35.3;38.5
1363;16603596;24.0;31.1;44.9
1364;9232958;23.3;32.9;43.8
1365;10313391;27.5;39.8;32.7
1366;17055158;33.8;25.9;40.3
1367;18699433;16.6;47.1;36.4
1368;12078860;16.5;43.1;40.4
1369;20785416;58.6;11.9;29.5
1371;25027019;6.7;75.6;17.6
1372;20095243;23.1;43.3;33.6
1373;22494956;36.8;28.6;34.6
1375;24300239;21.8;41.2;37.1
1376;16900805;39.9;11.8;48.3
1377;28300523;26.1;30.3;43.5
1378;11676536;34.8;35.4;29.7
1379;11175392;52.5;17.7;29.8
1380;28194021;59.7;8.7;31.6
1382;28133500;28.2;41.5;30.3
1383;22185859;31.0;30.5;38.5
1384;16874963;32.7;26.5;40.8
1385;21679634;32.4;32.2;35.4
1387;18767813;13.3;62.2;24.5
1388;24974499;11.9;53.1;35.1
1389;24122641;23.3;32.9;43.8
1390;11901652;33.3;17.2;49.5
1391;23328641;16.1;42.8;41.1
1392;19578569;18.4;53.6;28.0
1393;19138752;25.2;50.7;24.1
1394;9709426;29.8;42.1;28.1
1395;20046166;27.9;47.6;24.5
1397;28772062;31.5;27.0;41.5
1398;19001035;38.5;30.0;31.5
1399;15041678;28.7;17.9;53.4
1400;28486105;15.6;54.3;30.1
1401;10615882;28.6;43.4;28.0
1402;12308298;17.8;49.8;32.4
1403;18979805;63.3;8.5;28.2
1404;20720322;46.5;22.5;31.0
1405;15829903;16.3;50.7;33.0
1252;13832564;48.8;20.4;30.8
1199;28317061;16.8;52.7;30.5
1214;13035798;17.9;48.4;33.7
1406;13890771;29.7;23.4;46.8
1407;26390162;51.8;14.9;33.3
1408;25597703;12.1;56.4;31.4
1410;27310247;13.3;50.4;36.3
1411;17492226;57.8;10.1;32.1
1413;9638042;37.0;40.3;22.8
1415;22914513;44.1;20.9;35.0
1416;12455088;12.4;54.6;33.1
1417;28572989;30.0;33.8;36.2
1423;18856070;2.9;58.9;38.3
1425;26193809;14.8;52.4;32.8
1427;27675779;13.3;63.5;23.1
1428;14274303;28.9;25.9;45.2
1429;11680920;43.0;28.7;28.3
1432;21050993;34.0;23.1;42.9
1433;15353178;25.3;44.0;30.6
1436;19421979;40.6;13.7;45.7
1437;16792371;32.7;18.4;49.0
1438;17654329;28.9;31.0;40.1
1370;23874650;9.0;53.8;37.2
1381;9352768;14.3;55.1;30.6
1430;15016522;9.0;48.3;42.7
1435;16320843;29.5;34.8;35.8
1434;21482615;33.3;29.0;37.7
1421;28170426;17.1;44.2;38.6
1420;25464850;15.1;55.2;29.7
1422;28293686;37.5;12.4;50.1
1414;26403481;30.9;23.0;46.1
1412;21574080;25.3;36.1;38.7
1418;22372420;18.2;59.9;21.9
1426;19718920;17.7;48.6;33.8
1374;22341096;27.6;32.8;39.7
1439;24212677;50.1;15.8;34.1
1441;21435888;50.4;18.2;31.4
1443;21340678;30.1;35.7;34.1
